27164
488136
394611
429371
16238
69515
221187
69515
283791
189748
325211
445513
115049
319369
69515
361161
442552
154069
331163
469026
41852
43453
499441
480394
297521
327727
305351
441793
154069
26881
419614
455998
275034
375700
248126
32839
50088
425265
352191
130427
12866
101032
496047
257499
359144
453953
216724
158120
250665
169643
39090
452500
250707
269033
28285
391057
334449
357888
118882
216170
352191
68131
13553
114357
197378
480256
112825
366891
264334
77486
322545
453884
311447
69515
427453
72248
165417
139661
299517
394611
399510
394611
6601
21073
4896
333504
253739
309856
341263
154069
435369
459671
69515
163129
96177
417741
60854
394069
91416
357278
363224
179221
418148
399905
206976
198466
309117
296924
153378
153671
454070
445043
344016
352191
454938
287942
19578
181529
378233
409328
342027
189726
61702
259283
135806
283805
434399
103107
424851
355588
30602
338068
174027
46302
343871
188915
25336
280665
56745
370874
366012
229090
255756
69515
159921
321303
308778
217787
29180
352191
253606
327100
394611
153873
206484
169270
245014
382413
268159
54441
39319
409471
359187
167864
418037
488870
269938
394611
154069
180362
137573
499801
149057
170484
142080
154069
370766
161819
83085
70426
417484
154069
130399
471438
297660
241553
383691
436157
404169
417458
235475
226399
69515
119935
388981
382631
12429
492564
97443
214479
377878
223881
221863
255490
307430
281159
122097
349681
77214
135083
26938
31899
179280
328314
430460
138470
297340
176836
311555
187581
79687
76251
131957
304142
134806
394611
354359
441696
458062
410076
119269
135684
66196
100640
56291
309683
332174
34739
365279
59769
124530
367053
53265
108316
164390
402594
427668
154069
272921
69515
154069
229682
469599
223336
71169
342714
273037
443178
350681
495916
453848
81545
194898
261038
91705
361307
414598
163167
423280
172339
84622
121680
231370
388409
454987
355422
206955
130781
468616
336327
49600
146278
442586
116026
238098
393770
350172
388264
434107
254254
423414
137939
49387
287782
154069
115307
358317
295221
15075
141026
230225
432727
69515
86620
150935
451063
313123
42118
496214
200311
190929
371323
409720
196520
24661
69515
322539
462951
69515
61214
332852
481062
467934
448917
38878
183375
350130
212143
98989
341480
69515
475875
69515
401668
443923
89806
71585
487065
362783
98510
10097
69515
39430
217413
43530
134165
202364
93857
406247
292688
394611
394728
463818
489813
308150
498557
331586
390409
326834
384081
86396
54839
145892
265080
495859
203699
236041
262516
33548
25172
164656
391878
13375
383075
109296
462163
64657
490834
382768
318904
179855
473810
424636
459398
114465
14782
292522
154069
460635
125856
447242
215527
359732
15572
470400
27696
314229
161327
39770
143872
211217
483955
316300
69515
344624
497056
241057
401720
395885
385579
83136
73168
267277
2016
352191
482851
425415
427938
435186
137419
32916
418488
293769
368184
346899
89832
84688
69515
296908
23250
294053
366059
48450
394611
301412
209572
77909
450248
183208
92639
105803
203055
20225
295008
453180
130192
352191
367209
301034
143843
382845
5411
3080
348704
449392
448531
353341
407184
213643
456171
271794
153393
316373
96603
6800
412785
146530
270745
439157
71710
159327
321658
306192
365618
307543
325670
123253
428118
154069
325476
69515
93665
297779
273602
68937
56001
94905
423275
153546
425290
396768
278055
394611
43069
229413
256866
232576
414492
346409
44612
441144
72399
482825
37894
166968
415190
407545
429150
189686
306624
295194
291606
359247
224434
146094
236818
49490
337441
117589
289138
339116
137310
334314
212369
112109
461274
394611
275614
235286
404299
292015
402052
221805
86783
495462
69515
352191
69515
269646
65882
152547
35762
195482
204646
356461
35897
21492
142477
131627
140693
28705
270452
362107
111580
154120
74791
51509
432380
309183
67117
205466
290159
370986
65278
250893
229613
352359
154069
118511
179284
82899
2994
251052
356221
310981
403450
300352
285370
249025
244172
135493
154069
384093
14905
210412
333649
349782
428074
279034
170874
270699
256615
34309
326980
404128
30195
297190
482918
3379
394611
227509
196690
498504
281540
213801
420151
205128
213240
44459
100985
148036
440517
69515
212115
292664
107243
111261
77004
472027
211114
423712
394611
324286
14111
431870
162959
198121
264012
421438
362912
101661
205298
142407
41482
389140
35399
375363
220795
285886
329943
391123
254682
160472
273025
11134
231759
352191
458875
394611
6708
477534
155634
482005
67332
359103
464309
247261
342501
199937
77636
463737
140700
221574
387127
412421
214051
496349
93820
301868
271042
152745
466937
486203
337497
213962
10532
340187
66440
190784
142646
202052
36395
473147
34162
278268
394611
251414
63992
299919
136643
394611
338105
478352
456385
185731
21694
185610
154069
152615
139070
45512
47849
400217
47124
184234
232213
45182
120202
233649
253994
400127
241735
113210
352191
276713
154139
185234
91798
339710
425866
304043
204566
388677
188932
62167
478240
244333
424374
198812
80446
178179
198156
350451
130268
310220
287441
2338
201643
432999
492217
438836
331172
124559
194547
146109
497071
409085
449137
21926
379331
233105
28278
68623
182866
212613
91568
478023
158000
42910
292412
257366
394611
164516
92776
39865
198037
117819
103758
257596
318585
219202
87802
81255
21559
420520
396635
290825
275206
255048
265109
300184
251690
134672
384118
346242
77965
365800
83583
37401
189695
108794
123219
484593
435164
77210
434411
205704
203190
417496
193718
82781
146667
100048
8685
21049
94376
47834
154069
194809
329357
229990
14956
496481
309142
10644
197485
316363
229610
242268
301630
361934
159235
387634
69515
376112
54825
176212
113074
230481
372131
409092
53033
406091
268392
445399
180936
372423
69515
69515
13256
226516
163578
352191
156575
375336
135586
359873
292002
494468
88190
460525
258449
395549
29672
179431
73700
85205
105033
130751
362697
315681
205920
105002
489741
221127
69515
433940
314883
386664
240640
98306
428021
108965
92833
336876
101807
494752
452547
363504
123325
435325
287568
46014
374360
357962
445563
20248
241062
352191
115467
308255
69054
200844
354747
352191
447412
143598
197067
352191
346367
380609
69515
484141
82530
394611
325537
118306
230713
164918
224860
269204
69515
466946
180892
478167
497616
175984
394611
60001
190110
479724
417852
291445
177371
101568
359568
205154
230357
168334
181445
352191
453063
154069
133995
33561
195180
21132
410102
488964
210406
389650
473615
218021
36794
94320
457548
189640
33521
73231
352191
445297
152844
204094
346392
312728
396324
499738
463245
352191
391117
414339
374602
426510
480853
356395
343993
305401
394611
112855
255859
63254
327325
357248
332100
130975
459121
374533
145472
346240
474719
352191
24813
25855
352191
229909
443706
162307
287598
370
421981
64003
215720
300234
379052
225549
261270
224568
124350
259083
473764
487030
22424
364567
157704
409636
143362
368065
195158
101626
155908
347149
5557
154069
56666
149364
487813
254728
333937
394611
379357
336007
78710
180672
53529
17410
172659
326701
352191
250983
352191
69515
368894
448001
406967
326702
61443
268845
154069
80388
60585
420517
122316
302666
398833
429867
102725
212584
194705
252633
279807
481821
94263
292906
73582
37058
281051
430900
166867
718
498479
296012
21443
365416
448819
62047
221504
44904
81604
254742
178868
124316
202726
117298
266182
196256
451614
214087
469472
130306
74985
395848
404801
352191
142899
106314
154069
272652
396047
379903
207594
356888
413780
7855
412498
479404
250999
48052
47622
337089
244019
203967
69483
69515
163081
468565
32319
187724
412341
256822
373841
76281
430987
221551
183542
250780
309049
210599
253807
292921
216627
352191
244977
383320
286543
368668
154069
160762
22
479674
118992
340234
433928
295757
210857
317604
420754
371568
219207
451206
495088
345673
447839
134133
432574
24471
265119
157554
311883
147985
237969
55233
394201
185685
150575
378311
457635
444193
181347
248605
229414
449917
38399
365854
177349
423893
136267
27130
65722
412647
43501
350091
348409
145686
360506
324917
200350
286110
277304
342259
277390
51798
299320
454622
154069
4202
21402
328361
428302
295360
272670
110757
132633
177518
417520
352163
458743
336199
247047
433714
329637
279140
330678
69515
336017
210363
19956
82674
417495
447915
299090
323343
328012
116955
106392
311576
463345
153202
369745
168822
352191
332381
15571
463084
106032
374161
167668
454817
492564
137796
162721
394611
469440
154069
176951
479927
224436
41346
154069
88103
418553
248648
422892
310192
188091
94287
290329
208955
19567
499236
165289
433023
460823
190169
280752
262419
153235
47099
304429
44452
323747
101612
439377
462449
97580
154069
135976
138770
104652
196910
142454
58472
248328
351228
351950
445213
154069
409031
167328
183533
129861
104434
154069
302048
490795
221572
68767
318819
154069
220433
495920
128870
468949
335087
230686
441890
41925
199585
279182
69515
68362
257865
91198
490066
276714
227411
324050
444071
213003
131209
394611
257226
182288
329491
324100
433138
368289
359385
154069
205186
97227
296666
348828
382792
400388
200843
491524
419053
84200
69515
197365
55806
402353
215804
43083
371526
284521
462214
184150
179536
299506
352191
89739
400133
111003
172672
79693
419511
335082
352191
313580
426449
280185
461576
30043
52845
140756
148429
366600
20497
72356
192487
387023
154909
90379
122110
47286
74061
426327
57108
235485
173157
199214
391678
286384
489516
446385
133377
468563
452025
249001
269577
352191
414256
202507
299527
96761
475748
36887
337928
294465
352191
377494
206381
420199
269330
225877
154069
369100
420297
304280
334087
155901
394611
156042
100899
363133
112573
236302
315994
272723
169057
392088
360047
155182
129436
95206
67184
435920
188552
104801
155982
205826
69515
208516
373043
439376
360758
8717
141826
354024
315671
151037
400573
160018
154069
385140
26402
499860
35893
29728
65768
302437
393989
200759
394611
423054
353305
259757
8485
206003
339382
17492
225040
267533
42038
252348
170710
455160
487000
406309
94426
240832
433447
441127
271386
144191
336519
279823
366299
356779
430072
246779
353085
394611
252447
210679
255578
73755
298156
115914
305716
195580
390880
10195
372648
154341
283991
36651
363565
158215
494043
313832
394611
308323
59891
179926
48058
54440
449413
283681
312669
123380
390171
352191
185182
452347
439096
89382
486312
374401
26697
330569
69515
72936
472867
89620
69515
129984
158073
481408
249406
235685
217989
394611
154069
104825
69515
394611
127156
98648
218556
432186
239351
352191
96935
461825
232535
394083
264217
83937
314376
292957
394611
495494
218152
158434
230939
348977
350972
316566
244212
206441
367685
494350
19858
302063
70158
67223
172115
430773
352191
208831
202152
144508
319240
140214
394611
123757
156079
128907
216101
116241
154069
343969
192486
480242
424622
451571
94902
467778
399977
350513
21111
337743
495715
153334
154069
391057
233838
382746
216643
412544
471726
449081
220455
230998
246741
241981
149189
467980
55376
69515
131403
205312
85015
15791
112010
145881
79292
342881
81345
279494
70992
429471
24388
148619
163152
147964
270852
69515
154069
51110
352191
485500
172202
379284
294101
462600
15876
400978
370648
33531
283685
452951
462565
33711
499222
352191
326153
69515
281755
458222
480558
365811
360228
51992
118756
271626
319561
418111
393738
376926
299820
54207
102798
23735
129478
318072
221595
6505
420218
495757
12940
4762
71792
299407
59967
313856
224706
69515
221195
145922
394611
352191
200277
83606
12314
388382
3736
123042
15833
287668
31319
288137
488132
154069
58879
72856
477979
197841
104496
611
156174
396186
85505
331801
182095
371485
347983
351421
315971
394611
375442
31094
451936
289641
81950
339694
366324
42826
445245
475
401535
484602
241630
1441
394137
494645
335056
204040
339944
431142
155903
237657
108445
357991
115915
352191
190030
263342
334590
130302
8402
146070
433778
374
154069
446684
119840
99201
313679
69515
154069
209913
264329
455109
387925
309091
151342
247329
95688
492011
429643
41840
34996
228986
229472
238684
7839
470201
16778
394611
352191
450775
36355
218440
141621
349888
473903
126161
342147
154069
394611
230908
140124
23197
6349
82044
2257
366142
120103
352191
89399
352191
77066
69515
315489
305513
154069
201884
494065
358134
228623
341535
21545
434569
166577
69515
341535
69515
34503
407461
383039
499175
106666
154069
425288
146844
45565
411863
352191
8204
350302
456782
421593
77817
326398
332348
468254
62651
227150
138226
3702
379605
258400
445101
69515
153395
413488
81294
106802
326899
352191
93358
308188
410190
77164
78040
367672
148394
312614
9880
260038
185672
277040
365830
464114
252154
44645
433914
465703
103543
145775
391370
431254
352191
154069
394611
96232
455595
496940
10160
112193
448782
302416
12972
392372
493945
470485
337122
275779
350385
493584
194828
69515
378212
394611
64238
254535
68458
71707
328080
24146
154069
310910
251148
398320
437471
14657
284323
197237
199450
472807
228155
416040
88173
467256
376697
492928
269283
106513
476253
36624
63636
158683
62912
23531
442077
55262
194528
276462
283375
288183
223350
499217
440101
23446
267444
292107
497739
370634
105428
61942
352191
460482
420471
385686
238120
388443
327480
7435
258623
492529
305079
388991
41385
92291
198535
352145
200725
149788
404281
447951
122422
352191
280544
108490
253757
451136
571
288910
273119
220378
331475
414432
339952
43336
470164
69515
133352
463646
417867
2650
202871
125127
139916
31674
5196
59313
376231
228187
162798
352191
322859
212984
335405
477773
57054
49335
319103
154069
205465
43192
440756
152371
350149
374665
164654
343699
169068
143308
23542
112851
497976
133960
424031
141497
11019
154309
69515
101734
85916
136500
477868
214517
101405
181433
415707
134520
352191
6723
69515
281645
342158
355737
115439
123001
522
154069
424156
436886
487358
442077
414067
351051
217549
154069
295585
13407
320154
394611
275265
133099
154707
135908
154069
104514
418301
130189
313748
422349
62736
456042
389497
18159
154069
218236
488588
289635
314759
418758
212749
31095
340988
155162
68205
341667
148624
154069
117992
407111
249327
71712
328820
39399
379140
274693
69331
207399
496499
83051
325133
399953
361174
352191
169691
316868
409852
344605
154069
154069
266657
121657
82139
470860
33518
164165
330465
55724
121845
194826
14846
120223
239001
74040
116389
339000
408465
149239
86591
316243
231838
427016
174134
336093
102682
479081
215518
176605
90632
8656
418924
362531
44562
244839
485064
287763
356177
437620
420748
235622
81800
89745
402898
202465
270327
455593
304747
215983
141816
396600
229626
256375
348371
218701
455920
160023
234549
406485
304854
60908
352191
81803
90163
64013
190119
434199
222407
69515
482248
121678
200917
57102
354742
28836
351907
338037
425424
475364
124520
283096
126827
257407
1957
250471
141244
352191
224665
175250
409626
470648
153325
53568
133383
78336
423835
113386
3069
376055
108038
393059
397592
137414
45952
149191
154069
436572
489874
471714
154069
157959
394611
175392
153795
69515
235984
53176
184374
52809
304408
342781
168362
154069
448582
244997
65395
157075
321731
394611
3219
151562
78539
366671
394611
7187
46998
75308
418639
185044
22906
295850
127156
254992
66371
466835
74644
178831
143009
124376
135283
388688
490775
334279
261464
235338
211741
45805
64768
233470
490321
342023
223433
472368
234474
375316
172370
193831
55026
266296
246468
422972
202543
333377
466743
25807
118893
83877
423499
69515
397623
457350
360637
377765
284894
491099
337100
8779
352191
428382
272287
357909
338620
375784
128249
30871
222041
132705
369486
178195
341062
377902
71558
30438
412380
69972
463392
24983
230290
197955
165579
96069
116145
365440
154069
21766
488517
276828
13708
140460
394611
298310
383524
281934
69515
463113
154069
203697
54784
458042
158264
417749
340806
482732
293956
396199
69515
312796
54056
437119
194112
444357
87300
131056
72646
87018
335884
226194
115662
464413
111647
100319
304860
301657
206540
489911
334309
69515
341946
354040
367735
394611
279191
366647
386735
85641
132894
311527
274639
454350
166867
310673
352191
485911
12543
433427
14097
154718
338930
272019
156752
412086
333659
306387
461649
320619
233382
266033
110396
436533
378223
145046
103598
206143
147214
201187
351167
245048
352191
95340
352191
315503
492443
31269
172580
408644
456998
247672
188966
335453
66038
182149
21722
146458
269647
476135
453772
368392
221911
12442
318166
358802
461943
104185
48562
385783
69515
292153
35353
475326
176448
84311
75818
273384
165932
154523
418844
190338
332139
481746
218099
425136
352962
263133
41383
120419
490768
345083
93758
229011
479877
80102
308695
309363
64592
341982
414534
126604
61946
394611
238246
221406
358604
365482
383090
235737
490045
208885
285846
222175
102498
368894
69515
155419
351035
375847
147732
210540
207044
192101
477542
414679
297775
129508
69515
193859
498644
312931
126537
394611
42960
146174
396784
6711
142268
132569
371059
126844
50288
394611
311826
322757
215228
130089
350023
3037
172642
293493
154069
84303
203261
368278
331339
173874
392131
124861
129567
277325
488981
39945
344608
269735
269967
235283
407658
328270
18805
394611
123229
139270
32861
142028
343742
70252
180539
34383
391606
366069
246905
347673
130753
105962
69515
34330
18527
263552
408728
352191
425314
196812
284977
274367
185294
308934
79826
303024
22943
285409
378605
352191
118172
455920
267091
69515
450654
17222
181015
11731
26487
491112
394611
53428
69515
82189
200045
352191
453043
241337
12669
108174
154069
497280
94557
1833
185924
301510
378404
425442
241816
117246
374249
197648
187097
460844
357456
26488
393488
394611
394611
116626
391485
178412
203529
173691
45230
352191
86667
118722
196391
460495
36165
445364
488485
187116
154930
109736
105123
75614
285587
7557
489773
404933
330924
243508
28976
67322
340436
31598
57214
316330
186722
323780
210714
313002
435369
30352
69515
200465
1727
231134
58551
201338
355150
325917
394611
186684
38520
164036
252650
420530
33341
45398
471016
208482
26655
79609
354227
322612
414848
479507
78649
117840
230895
232868
407921
141532
460121
300069
167365
349836
82346
464876
215436
195050
210722
316967
454019
226619
472479
172619
24471
354703
440833
250469
25202
118306
69515
215182
79801
207689
335949
405573
116172
69515
405692
434320
69515
231968
26097
95526
272874
265420
189975
186594
350462
83971
22868
211658
210457
163717
137238
285943
458937
105159
20524
239076
352191
105736
287581
78533
52607
171391
237947
355636
389879
374382
411315
423253
178123
53330
411827
442077
392771
69515
243339
130603
75477
249957
105705
235170
109707
385802
109248
288999
296813
352498
304944
18964
325357
20131
69515
163538
391467
396146
485031
85791
38711
359291
394611
288803
315326
141958
163029
43854
189911
367639
257124
377996
481168
252403
136908
154069
463826
487511
353288
38310
269990
427373
382127
485923
105278
475029
484714
389126
116321
245741
56382
259995
234811
401773
83170
25001
395052
22511
131603
74406
333611
204304
467734
300168
405728
69515
440712
282059
136189
105285
466909
344035
342361
67335
409599
106282
285676
358126
175111
254077
203311
190958
50221
26200
435119
236566
369290
319459
208056
417218
171568
64938
421758
10808
90429
184412
60318
152228
221285
394262
109051
276286
415476
127030
160903
384149
88181
68066
311130
477670
410745
180251
411796
214316
339731
99162
348232
276018
377248
357874
67975
394611
480057
132567
378957
194517
69515
35944
207493
35999
104629
327595
254615
6509
108563
394611
394611
79424
98614
457444
382593
154069
158353
487762
499603
427328
52359
411767
225213
102526
160138
368753
433561
123651
191235
78959
368325
134475
329687
77763
352191
354611
87603
298458
21239
497471
234025
407959
352191
368537
177157
347083
373807
347853
332228
56168
102463
321910
76208
17574
192594
84753
391691
11536
93199
223581
488459
186431
324129
186663
394611
139181
484874
46202
394611
243522
302324
436091
153541
486900
124342
350360
323228
352191
302167
187992
79258
285152
154069
339744
235299
381359
66945
377172
338822
487381
415000
394028
338009
475808
277025
393473
27871
181617
394611
422721
471664
159193
340062
74919
56318
175220
10623
492724
440551
245913
57282
256705
9973
146797
80255
475668
299491
446753
36620
490466
166763
394611
178381
23754
134951
161734
355769
303830
114379
173849
4181
108564
27227
352191
235496
209250
12616
322269
480883
390833
365163
340837
469757
17454
192620
137256
219896
495883
106215
438937
118169
84074
69452
176133
70250
154069
69515
394611
231237
391814
413267
394611
412565
408535
338342
52133
227161
365204
24702
44826
338384
332410
61818
467236
55851
400472
117178
84328
305310
113130
259433
321406
242336
63584
410905
394611
490945
37133
217452
281337
352191
205319
413153
183099
89701
352191
420557
239940
267375
307998
419768
399693
394611
147753
415831
422444
187775
309204
174072
25893
394611
32651
688
69515
371797
137092
443561
168816
26995
321030
433270
316088
499135
28828
69515
28739
63088
78476
312291
28026
20037
69515
295543
154069
442231
497101
352191
197177
466815
262386
154069
307805
317982
187191
78369
119825
208686
443358
67039
431923
69515
389713
985
379607
46541
77475
160676
207399
177708
409151
408942
161922
275425
319726
7624
303356
58934
54606
239450
392149
330917
483036
149622
379251
450165
394611
121926
129505
462463
274995
394611
435371
374807
466208
241476
232674
111848
387539
122492
82198
50872
101576
478136
230266
41828
145613
146248
248814
102788
69515
6475
306857
47743
485168
484518
243554
16778
173713
194038
352191
25577
69515
117017
131878
178906
481148
366422
290573
133059
380827
197911
118775
399513
487360
466957
231345
13163
389879
243448
368797
148652
286375
444364
122202
212893
27613
10800
97038
399656
102355
352191
358457
325359
270538
390193
24629
126489
348385
356303
209139
138969
195735
107908
120122
173302
281864
374992
238847
118068
208900
266393
334519
242445
134515
12292
379584
267372
371875
262866
104119
133822
399048
21745
428280
159977
311980
5123
45746
352191
480274
22364
346953
253466
55081
153052
284459
98034
122823
30169
230376
147505
221432
324746
251014
253860
431157
61316
454615
57607
213681
79768
339385
148576
316876
430227
162555
154069
333823
334759
20873
154069
56086
14103
343308
124911
154069
458832
478708
139863
131318
98860
235169
293723
256253
109833
211296
380332
131580
12426
409601
162213
325070
308626
339052
343087
452116
352191
415630
233820
481872
150608
101596
479273
275633
420629
477098
154069
179642
154069
392651
307855
493102
260266
133852
222281
29798
55972
6304
476013
30004
391961
202437
371662
322330
7365
212832
48219
146035
431203
209928
222203
473923
188415
444450
364729
217893
258469
128705
107791
452409
320229
352191
368329
93128
224008
466027
488739
302665
83116
9929
395812
122827
160505
481385
349328
373566
273615
352191
394611
468430
48500
216369
457531
480365
299896
374853
311707
201828
385686
287023
62502
165279
355263
394611
202645
306509
394611
219319
335285
437224
220568
126946
69913
153201
15065
130772
151519
361714
192255
252417
237833
69515
154069
360083
33149
276386
300423
153985
275723
217418
193295
172856
346561
75013
154069
116915
424252
285027
404212
288738
464002
342650
430849
212145
104659
35950
34667
373096
394611
96695
125768
308418
154069
394611
88958
321126
359282
73325
116862
386190
433012
337121
268734
392932
342454
176223
176013
14711
61261
155708
137684
164792
281000
16124
75116
33812
120788
22087
130107
76925
68142
30766
476569
115847
54550
126163
201403
44683
230549
143484
22571
438880
331233
48088
190256
99823
263346
93312
339354
165058
394611
458429
259679
497090
494900
118090
322200
418538
17832
296506
360640
391796
380640
161213
210336
270577
5675
8183
154069
246893
318082
259610
69515
147590
76594
115985
425312
69515
14534
212631
349002
10166
209678
69515
473545
66132
424524
272772
367307
154069
299161
306160
86583
452448
200042
99038
359012
341405
167828
268057
209040
213957
6306
69515
39149
431531
125068
219879
301665
154069
154069
414789
475644
175824
150524
341180
385366
264992
465202
394611
443264
144138
352191
293402
458662
369184
84144
154827
35933
488995
441257
43179
354498
18483
207654
34834
298305
266420
86225
352191
426050
420199
470053
69515
113472
245198
382766
372692
167979
221397
22308
254593
168377
132456
50033
406501
288387
330966
241587
8795
108815
263354
350073
250766
290798
434987
402643
271441
350847
378796
225521
175481
394611
188115
173448
50834
73997
424072
10476
175275
60892
334994
307789
321187
282507
293309
361430
179193
261250
411367
273520
70912
183667
394611
341058
452429
451527
376060
101648
56913
154069
154941
374792
477581
189306
413009
267545
217530
17361
154069
16240
78966
154069
7079
157382
354966
46621
15556
356400
349977
274059
221540
347974
214100
408682
297531
412218
499199
59328
32567
488346
217600
154069
290419
127268
351317
275723
204590
115557
64009
476514
49812
217816
370952
105997
420904
45424
176688
408851
449145
462927
492176
69515
242283
148130
267143
288948
352191
442691
459923
407251
347651
270851
333923
123184
362847
154069
448085
183636
25390
394611
274534
219958
213200
76155
243957
261861
246708
294276
306267
320513
330529
111163
206002
246616
86255
316866
296792
198141
369250
110614
84256
356035
129397
339297
242552
404689
219362
41234
67439
487971
120674
219416
154069
451678
378245
10860
155035
352191
174117
69515
312124
310060
343091
353009
332603
209886
44506
491880
302781
226436
125701
130115
293023
114309
294361
352191
152460
192193
137220
379531
496297
20128
490833
453039
352191
78971
69515
328858
192547
69515
352191
154069
688
179671
166744
154069
394611
270780
38590
287821
212949
368712
35619
369923
43023
394611
402642
375525
95947
263711
407036
216076
185040
249982
160679
285858
154069
462220
95654
132113
315902
201873
248810
416151
67252
279871
229467
143127
139428
352005
326084
413567
137606
91876
234681
21572
90157
154069
320241
468596
86763
174134
458759
48514
162858
182688
283944
154069
154069
27025
63571
394611
396643
27970
193443
414088
87716
424430
388474
467171
288874
323377
27743
486334
422914
77888
474552
49481
189495
352191
305593
69515
48997
287883
99477
309156
111997
72513
96880
394611
477220
428199
66116
177127
459381
457333
71650
137114
480165
154069
352191
487161
154069
370647
154069
338599
154069
175732
127383
163603
493597
98646
202437
447518
394611
99571
394611
327668
241363
289724
431035
398698
153970
431308
401552
394611
95009
282607
18287
101527
24490
20825
229136
264002
5179
154069
69515
129831
336420
120559
369736
80299
389359
469215
308560
244226
499518
114202
376471
108097
195394
438015
135349
270125
154069
338247
154069
69515
165414
360615
443180
475134
125820
56946
166904
306106
157037
143890
214160
103871
82004
360605
213413
347192
158980
150845
487473
490941
154069
394611
312948
384502
78687
430158
424246
62429
46108
174105
390335
125175
254109
143284
264701
478984
247826
127565
95941
29741
317233
352191
213986
303257
394611
330712
422656
93951
84686
349468
333132
302685
464119
352191
333949
69515
218686
21331
402952
13933
12270
294353
212241
149567
337561
69515
423688
442659
264703
242339
492285
413030
177489
371817
206513
285416
244442
466624
237273
200038
487447
389638
106684
483006
33536
140097
274003
436054
256352
44845
107143
379510
107426
3404
346483
281478
115203
211267
354658
31066
47769
460882
433000
394611
36254
190129
154069
246673
96896
352288
356944
111413
224456
243788
444231
28219
132738
291552
343268
474078
473609
71266
314517
141371
376486
327673
72107
499861
411485
77738
154069
335024
316913
223307
13774
333587
369259
244006
178653
268444
183500
359198
288263
134449
223115
417107
348035
407217
489527
296501
230681
239984
349612
154069
460368
196054
446420
783
335427
178477
427464
331018
154069
44970
79464
59930
209588
272865
441375
412535
457131
154069
315028
54190
69515
297220
295603
478690
293303
17687
163046
369899
391035
491400
275434
390624
135026
27762
352191
180585
37643
172281
238847
495792
132575
499388
407158
110527
362826
415851
477413
365495
380709
473532
256895
181596
213986
499554
229000
49306
87779
394611
198052
389089
159199
16167
189338
342396
42587
282079
57729
247752
116423
248788
373280
316741
493956
69515
414128
258370
267188
423535
370398
324444
453027
113704
74064
86277
399613
126866
319240
467959
308684
69515
20128
365604
319775
43837
445027
466280
257733
460008
212979
334285
50358
229029
414419
472451
445840
169226
36334
300247
338357
483964
428825
435174
451251
130324
369421
322081
261952
235623
93785
38887
241651
284621
384164
180561
459352
104234
414184
67274
14628
299743
43335
16398
128197
30956
433858
499936
233250
121462
266887
394611
7446
381469
491431
352191
496238
327136
116894
352191
144189
27853
478325
364255
408862
344917
99813
285254
275804
358589
58946
420556
279003
128911
193187
352191
318445
47729
328900
90385
7272
156931
440091
102572
469067
435479
325657
285666
127301
468781
441804
352191
117634
326556
245528
388712
142485
93662
38286
50561
22314
352191
394611
394611
361196
122566
234780
230006
91177
154069
418
205211
362094
21116
311767
78438
98901
340446
253572
375968
423587
436972
326498
117023
205481
295773
69515
479585
154069
243690
349429
416485
340284
495968
314909
334079
101351
288125
154069
147126
235235
394611
434288
496127
201370
378263
426570
204584
282176
168822
346766
66435
350762
364084
333563
42312
69515
69515
162174
338097
322949
426376
216019
352191
260870
389316
428989
451512
490910
154069
319434
53029
100097
338018
418131
288246
490829
438896
334065
314978
309607
474550
101258
69515
69515
80423
309696
144772
427081
137012
488100
343520
478160
255443
166795
192908
133678
123236
24252
7779
120733
455489
68719
69515
352191
56351
391579
205207
149067
284823
457141
441982
343193
69515
151026
81714
271560
415358
304301
425622
271500
352191
154069
69515
461915
308
254275
295259
137072
76839
191568
120021
262648
394611
477482
246481
352191
106508
165408
204523
188453
173703
465325
173637
317882
354789
57793
396398
394611
118721
186680
27409
25329
255790
81051
384125
315767
400892
25141
223682
125438
386207
154069
458354
389399
294267
142336
154069
65599
44721
10270
388100
473341
191375
250641
377049
250742
405763
461733
164165
154069
95934
289809
345751
394611
174710
454964
4962
495762
171872
352191
352191
232121
337113
435996
352191
323889
140017
69515
329431
397271
424931
339568
37055
477387
155828
194064
117348
296538
215843
74262
420302
167737
341388
154518
440276
81443
270012
394611
484159
69707
205577
161245
51934
321757
328855
140121
167361
496007
236854
282477
217221
64369
92960
367095
213962
210711
56622
225326
115507
227850
208018
183564
324394
41618
467839
75417
282278
411018
455971
159064
322484
75640
141458
452052
188431
278145
148236
471867
212337
238433
394611
117387
148531
489911
154069
466944
142646
285123
234890
25085
216760
205638
21550
99029
241951
69515
154069
454191
352191
18918
2909
436627
450953
445533
193203
139240
335788
109774
10046
154069
354829
345115
479852
336471
285716
75174
359106
3368
554
155714
32896
453874
499706
35935
227602
897
36620
496321
120931
361364
352113
128468
75211
469257
154069
71918
352191
69515
86453
86251
85091
373685
24110
424543
132734
284747
82875
393313
154069
336296
389733
463366
69515
213635
85390
338447
355722
288874
119465
154069
460295
16847
181523
478122
394611
348239
442733
267889
460864
404701
480428
106175
430947
143820
66320
46778
356373
321891
336025
169268
394611
408094
259276
358254
153819
154069
295617
293743
15080
389482
190437
334478
292414
315508
475132
349501
252208
376325
125077
453316
457754
82526
200618
228735
347405
278466
12580
199496
303444
131080
33269
49446
394611
206519
69234
442220
154069
171906
484305
388823
476348
218517
235330
31561
189352
59450
6618
490676
224861
36533
180588
329488
352191
362568
185448
20709
146421
23873
393673
215295
365964
371978
69515
225369
18625
154069
142955
170247
378056
381810
190828
348697
387286
250153
41039
412461
23361
360946
436802
372292
398894
284730
257686
188869
413280
228019
229031
154069
394611
463804
289109
461024
157671
7325
69515
173647
284747
255297
258923
28191
52714
169771
352191
69515
109778
82682
423572
316672
418661
69515
141553
162491
276725
439676
343443
83666
451136
321590
191521
357246
450567
389299
298912
387667
234074
302926
253414
114932
289254
59434
428551
307850
335063
112572
489268
46485
65436
31671
9175
236059
385700
424818
410012
112647
193934
206061
403140
324837
189064
210005
409868
154069
359641
394611
469334
77461
9876
157197
189500
493025
25987
435167
113386
361631
215455
2135
439618
159856
420330
479256
309500
111849
265337
386447
325369
259345
211281
444814
152687
457715
181054
185172
394611
242359
352191
374001
159638
69515
431199
309711
39463
346982
355787
281330
352191
204339
352191
419246
424279
409300
276043
347005
154069
394611
80681
207194
109174
93609
36052
457572
285420
213731
224819
294873
329447
381643
357123
394611
453643
63450
152322
77096
394611
142278
436078
311645
78520
241196
316564
441237
359152
249930
187659
214713
279333
17918
123833
69515
129180
123232
251002
312440
69515
53039
394611
423811
136125
69515
273184
352191
6039
97490
357684
394611
34551
394611
444171
408229
490045
190583
249366
9025
480267
5274
190450
352191
49688
346564
466641
330492
437201
80389
237147
447139
138441
239432
354654
182925
375837
327770
494692
230241
445033
211474
125851
146910
477202
341081
436416
130055
67309
114742
329223
407326
265658
152322
394611
192510
72683
390875
352191
332774
323413
200065
351546
444072
337557
151306
5013
364221
174317
370397
409955
291228
361778
90338
31268
356837
195643
454106
466231
265147
155890
239616
2932
67079
242277
466276
276507
471601
107277
267901
376598
443765
123240
86891
436112
403513
2435
340764
474281
486465
330244
206097
152116
69515
261751
179111
189114
166771
41661
424154
57500
441955
357905
444947
152179
77076
284822
196692
86873
364852
141919
27246
443898
462081
154069
183100
464277
5013
154069
238373
242180
91058
136091
28810
106565
391777
394611
47097
271817
120572
233336
240110
234736
155390
193879
132544
92372
126382
202934
192905
210850
238347
230003
75375
219901
394611
272799
250351
468694
114120
219117
69515
440019
355926
352191
45157
477807
35650
17597
30560
434397
20443
499738
177408
148360
382024
186091
187246
154069
457135
66908
201538
9671
394611
314929
224086
211842
174236
26663
359253
334803
137898
94980
439116
431452
117744
231879
366261
2189
346100
263170
85807
85512
399011
124349
354350
394611
280752
327240
368730
110190
202191
369534
499500
108371
373945
333780
394611
58448
474163
18285
154069
123600
400632
352191
69515
253358
43702
230456
488195
323834
72400
133887
302160
253577
394611
313453
82569
395578
6650
476409
471382
72177
475338
76514
357482
352191
281679
33619
292382
48215
69515
328087
67095
69515
9341
252640
1433
170690
161570
225070
69515
173947
367832
162021
137457
286505
214707
72568
10800
37157
74048
151106
321852
189618
352191
20037
462603
389418
79668
455750
435360
287146
412785
70551
394611
251580
405409
116863
133192
98663
74621
21140
394611
178227
117990
249974
311446
71942
63592
94866
63592
135727
239309
360733
133986
499750
281648
154069
291689
483774
437023
422478
467343
473251
301236
396842
160710
461256
405262
177398
182736
132800
53501
87336
394611
124030
334384
265205
134414
447613
335619
113844
310484
69515
97049
133016
108809
205254
267731
392805
330392
394611
261552
432086
154069
126564
196388
19372
335961
154069
175562
49499
318135
129720
207719
69515
480754
295860
345428
427753
400279
251826
281316
168787
281376
475466
443776
394611
31897
5421
470911
176053
185113
269480
474162
313129
92040
287263
394611
115540
386315
396494
441293
322200
8101
154069
1892
310812
498417
228253
174521
319080
172086
343011
69515
490978
364478
416452
259361
66314
85280
350550
477920
392221
187255
448883
247779
123378
97432
394611
394611
109396
254252
444424
235710
278968
336424
242886
111489
107441
154069
352191
377910
320483
351678
5142
296220
268637
440749
498568
80978
9357
20638
247779
475895
52310
108250
353563
246237
191649
154069
26321
338200
263712
62864
171527
239194
34834
123956
313517
47939
27233
402516
318144
330874
455292
329721
474440
62334
394611
305374
388168
362777
472846
405252
371282
409967
469444
115819
448366
69515
154069
124286
104703
157813
300122
463056
283624
258581
44996
216746
109147
274144
402012
394611
457023
154069
111286
11883
213483
154069
95127
480117
123124
232188
203786
425282
475317
144998
417238
434951
240143
494167
445989
443503
394611
434546
414467
31344
48626
297556
395323
154069
205489
394619
100351
202491
37908
266201
52455
201558
226372
458578
123106
112613
15475
219201
142630
184029
220880
19664
285554
89756
102783
105270
322771
367542
291973
317142
154069
154069
283126
115122
163237
330677
253628
352191
388581
98041
222115
392532
367942
376886
352191
31254
348159
354143
140632
394611
299764
278868
425057
195080
248380
33722
77274
280800
174388
8914
399674
448155
154069
352191
354872
54732
2906
388436
154069
171514
177918
100065
154069
130495
394611
270207
50372
69515
124509
329477
456626
53059
158417
449405
475979
265551
154069
404139
149498
235173
313617
82639
373499
344935
69515
335822
199721
456372
469272
188701
123643
306949
260701
340470
30616
5588
88644
424912
491089
442038
456397
154069
257085
458522
292175
275380
352191
345230
154069
61822
170860
173372
352191
96288
252708
201610
53310
94716
350246
260404
122568
426133
457870
131524
69500
297382
358962
60236
69515
376008
480243
435554
13056
288402
306229
20883
426902
127814
185344
40150
258333
206333
248003
95063
398443
154069
185748
274494
151024
182985
300383
143544
329301
150588
352191
155776
441330
110595
298487
349129
431240
245645
228931
82076
497575
404823
435439
92843
485920
362040
174749
229438
142274
221189
175618
467914
352191
71941
468002
237455
475385
89850
382402
442507
247353
84366
140203
169169
262347
134437
432179
453485
70040
179418
126798
352605
69515
105821
406560
352191
370191
103604
317804
456425
133124
295748
245064
67256
255905
422301
383321
497527
120815
194610
260539
424598
82995
154069
163493
66998
385102
248367
369805
174633
204004
317579
105763
69515
53139
443565
352191
289371
428394
256121
120916
60946
361111
148215
35298
489335
312726
346316
352191
218041
335790
454342
292399
302736
405108
216251
469350
371470
380369
9916
169747
106941
498954
336769
245635
135366
265224
250088
69515
357075
154069
482812
67660
394611
77770
447724
69515
447775
399574
305653
328003
417103
179981
90392
104344
136414
421770
250493
28320
135422
418993
365768
397899
173490
109450
355034
141085
352191
275717
222897
472569
64573
394611
347103
92959
167841
466759
387546
307770
277933
208686
127805
303241
337204
429780
307175
30376
467573
422932
435290
401699
243039
37540
302857
309687
354618
363916
408351
4872
402971
301945
320626
401530
440000
169704
184421
477555
230822
478304
76798
263861
254462
351028
79260
254900
419740
389246
211834
396493
198914
180963
394611
432574
154069
232498
222483
349804
261244
63718
452377
144880
154069
394611
129785
2220
361008
282185
154069
384757
157623
390480
196968
143612
48351
423990
352191
451393
143663
160875
359020
435516
416934
481341
384866
215326
69515
259711
41231
129262
348081
394611
256827
15466
484467
213786
146575
213593
352191
223959
339761
391374
245563
159047
80810
215512
301236
14063
122171
363009
496681
352191
453563
339198
465440
57390
332266
444337
361233
364939
253291
220874
17141
111649
154069
407815
69515
156927
177550
237873
7413
336182
139175
379084
65560
105758
212721
21240
249583
352191
121385
125707
43504
352108
266032
163282
97435
360809
497314
194743
363130
72657
262806
16888
318606
394611
178422
490337
218352
311973
164165
244755
187771
251579
69810
462563
113083
498425
154069
48367
463015
368365
289213
374605
485455
4101
255788
351348
166504
104502
356231
401962
154069
234912
309937
358225
352393
436415
363720
147364
429371
37384
456018
322317
336334
231274
212791
348321
476303
231390
282787
310996
391946
224118
27167
140500
455402
152046
279856
198740
102980
45475
456666
294258
270051
375179
346877
324336
151932
110352
301986
2790
218626
100855
280656
107127
427890
121128
300164
415935
470794
190269
329865
460404
290358
426442
94760
247863
205864
242020
82013
303473
438760
164413
11847
294086
132910
60170
261142
154061
208450
297391
70405
280562
340195
235340
462893
59235
99521
431560
33299
154069
130775
352191
352191
415971
394375
478297
408168
352191
235920
249968
240922
379789
394611
398831
483509
186131
417085
254916
121162
88680
436970
313958
214065
496335
170968
47091
339506
454892
220657
394611
164311
394611
322244
156694
69515
175337
2765
363584
414944
436302
382388
123717
84353
404722
69515
383609
372138
297404
464810
80865
163177
275889
242785
448566
496745
95527
328131
53935
277619
202555
218438
499877
161707
91244
434632
39845
286795
256620
188088
431384
146459
452141
303776
407887
215683
107712
220644
104087
55133
243376
394611
96608
305897
427389
313936
51571
164227
495809
489429
395520
371781
345856
97287
310907
1206
97437
336171
410357
48151
33762
150048
494652
357467
103482
424314
69515
469439
352191
476200
495940
84426
259967
166381
292423
231772
27119
489893
138423
367164
168810
57006
85088
9915
169948
2339
14331
24912
42985
225889
87356
394611
394611
184095
69515
304390
420893
427408
277796
421895
473327
18852
303908
144869
429801
276952
118721
396568
411717
142404
377025
316140
243011
207607
422722
385722
289141
366660
450173
352191
19478
67925
1285
172322
492308
494278
364218
352191
48324
489100
164812
142409
29783
390552
149559
224112
478567
96443
109840
79570
81502
139721
19897
194677
131318
154069
349737
416062
415046
349568
154069
273024
2080
34200
459049
480999
154069
90681
135251
415737
352191
186526
252478
411460
133007
401383
265966
169534
7460
107852
28868
190465
334736
68965
28665
470151
134172
223371
316571
95356
69515
498579
22812
440551
113852
426708
153534
154069
58748
302472
340543
428004
377793
7217
243638
380890
170784
457984
151010
89303
335993
69515
249151
489225
42990
50445
273402
476786
459398
362755
289956
258613
140156
325028
394611
111784
290300
393084
352191
203642
132508
76129
337064
122876
302620
66768
425533
154069
157666
234787
244201
148938
342027
125867
282623
68888
213915
258878
88595
231739
433637
250568
181633
237427
485543
222629
289699
352191
297013
472488
350569
53367
439144
51627
57233
109702
122601
362592
353677
360464
133357
204989
215669
68169
331657
144731
357405
454222
125296
167752
440591
294828
435734
462213
379012
132855
83427
290632
274310
351567
194079
352191
238952
348855
288801
36421
440214
183589
79240
133464
208235
101701
119815
456573
18694
217424
424132
273067
347552
272842
375521
87397
465477
483031
352191
415591
447002
246800
487737
286315
370611
385793
2448
241123
19492
162926
137168
363309
261103
168085
268435
480253
120256
154069
357722
239816
452585
154069
347693
215760
352191
394611
176894
356225
257151
342773
251281
197462
203516
471756
62815
402305
88141
375892
69515
378349
346825
274293
167387
247600
167807
140598
141564
244656
173326
20780
252379
40722
50375
227981
376602
271452
52238
38547
154069
394611
366176
204348
249722
500093
433302
151127
215311
270918
248622
291184
144377
154069
352191
445265
15801
262264
371370
264782
433289
458502
174912
64600
65049
228715
371312
475382
201115
92668
478579
212254
299865
217605
455630
406534
157990
375451
24173
491257
148219
4834
394212
326127
1180
489864
21481
12544
352191
250223
253053
300126
213546
255726
430808
401430
429760
463759
200420
470716
138182
232529
154069
383520
259001
154069
448141
493317
386474
240995
69515
139989
336432
231223
133188
97116
179907
419102
153055
488899
382672
27196
22382
396496
143122
480883
297115
1237
119474
137874
27531
332576
301443
9441
154069
201926
27935
257739
481001
392254
71889
141844
357395
70682
32945
368102
461574
92116
1684
291374
184577
97782
300268
483005
458772
407382
182519
133923
407730
303399
423074
123100
352191
459440
193407
320363
454299
126409
66366
215123
398854
250902
168512
310435
79653
488134
351601
335579
154069
302515
183598
63930
386068
487476
487791
465778
388235
345105
252716
336099
312135
14285
398094
347438
69515
242762
39413
326094
278968
352191
150567
298822
286622
133415
239532
406797
453769
339411
387411
276998
104164
59939
256765
295771
69515
226552
343849
182603
84912
53854
274000
156333
31412
205655
11267
212893
40934
194899
261427
47384
236863
69597
461574
154069
338689
287513
482478
483700
394611
294117
441986
211295
46995
335699
468397
104780
387667
394611
363157
333511
425495
161959
385293
389900
477067
54230
379815
399444
244610
117531
293701
194189
343958
154069
379358
26967
295451
350062
476559
386336
38910
333992
81847
123383
112554
19759
191327
310721
428848
249211
258861
72832
78167
147495
93704
239517
382169
394611
327221
121877
224319
74122
352928
290836
174203
433776
14680
352191
69515
264389
476116
352191
75384
232343
248079
254236
337893
51446
202877
56365
267153
213451
172548
364162
72527
394611
394611
265110
245274
394611
458483
322947
394611
242192
89133
115953
325733
308608
16755
169960
394611
171047
150005
154069
394611
50429
64032
97670
194905
272974
38104
66316
82533
33258
172509
495349
271033
260973
32029
146098
100009
159710
394611
296048
383163
154069
185863
69515
95208
454811
409001
234926
70866
322377
94029
176277
458381
287380
160449
489562
431574
72425
212941
363696
62226
423817
492418
352191
328385
204557
37675
488529
308163
377537
287372
174178
154069
50111
94244
67742
256781
287063
73229
47212
313147
208590
473749
388577
306391
342491
374273
69515
214526
352191
357036
66718
354001
62444
5304
273144
239877
226087
226969
369927
220219
402199
308702
248621
154069
230708
352191
350809
387185
366270
497706
321610
367636
328456
496140
15957
224992
394611
326358
341175
39414
67350
421095
11417
78936
360088
248666
155011
69515
286614
354728
123818
215248
465022
328425
350640
406610
358984
187187
394611
75251
85386
497012
475257
287820
263263
477673
196373
315642
9550
441828
430896
487410
204167
415841
493011
479903
336237
304628
370461
378890
154069
110807
390932
485186
445566
212107
343762
425383
131241
161085
306531
378108
134572
104868
426615
392476
166489
359109
292769
337194
51289
206706
303939
13225
393269
170386
159584
112553
113896
248069
334185
476131
318569
40229
458704
31387
196481
39513
187641
125325
168339
264037
207661
374773
317918
107892
23867
14536
122223
411585
415025
362806
78550
460125
275466
201631
324519
451838
166161
215526
29570
178721
3350
331672
356727
497520
44216
421937
95831
146162
272677
10106
452365
305699
492002
276820
481541
141016
288413
69515
310633
233803
428716
406830
938
372583
160315
139616
392194
297507
198783
447094
228653
101803
164489
3445
253466
310891
157369
78647
177033
487135
69515
496352
297519
192013
483418
254524
499813
197662
31151
128932
458454
239431
53218
181929
302126
169874
490454
291566
22498
154069
52563
311249
40396
328289
348996
159584
246826
336970
181634
4503
495793
268216
126331
362691
427316
264354
367983
228956
15676
342803
452829
69515
498192
138892
454093
302297
393031
200052
415917
374241
273675
463420
338597
267726
485705
426964
54305
54383
412571
481125
80073
394611
319150
441135
236432
195822
52738
439673
118549
184818
322324
473413
437928
200431
428078
32687
129232
129596
55940
494742
352191
181267
349994
286803
492274
388530
431263
271495
154069
176203
282484
273051
352191
192519
362469
105539
485127
314751
303725
495211
90861
352191
300320
358707
279944
229453
38351
209357
221384
250644
301116
477063
398601
57907
394611
50175
159903
221076
124444
179186
209452
498459
198284
26897
299676
178869
390154
165034
41011
85558
392691
435337
307313
210070
352191
334818
383035
353067
354342
322206
49083
143501
186174
42358
400711
154069
206876
245528
284863
343602
154069
225694
1878
167528
41360
80395
337339
123635
176461
391598
114024
159815
25468
103934
271196
69515
495883
494911
187672
11126
492078
115771
394611
382766
420438
171064
22882
394611
301978
236971
410937
473145
15098
154069
302485
198855
485076
3737
337632
69515
91031
124931
206089
432786
148560
472334
207122
394611
155299
399401
120560
286167
454684
283304
323457
69515
394611
394611
346125
132332
253557
481357
120399
492526
277116
69515
232424
4993
382931
267343
308506
36681
394611
411539
336459
143657
296348
194717
87619
446967
106814
440081
294886
240413
338446
148742
79894
150706
163718
293808
352191
89817
240984
335479
374692
231168
275770
284221
230218
488060
93451
150581
346271
97566
286344
495206
70399
456033
463581
257222
308544
187243
372584
453267
124156
49871
217135
313204
250246
348015
306220
274730
426346
299455
295855
58164
69515
78071
427718
395065
67378
200792
126167
498226
301997
69515
470399
332029
316556
53990
170980
352191
296237
166100
291397
287649
121119
394611
3025
461439
352191
129441
17500
444345
494085
481107
111994
139243
392734
218851
337543
96434
240122
495439
54954
95075
115635
154069
456752
340392
270652
485163
353158
280771
119988
362745
379036
167412
401797
411890
411320
237638
64186
361507
266230
234724
381395
394611
135807
205641
294884
386550
254568
394611
108838
298680
284557
268760
394611
164265
28077
352191
304216
261143
385809
130437
225107
88396
276037
74886
327249
137019
476121
154069
253709
4363
191405
477028
158289
442091
181075
296870
381647
438453
33799
493881
69515
409063
440118
289025
62889
270154
144162
471461
122014
294511
452174
189934
32945
48930
204720
212506
63778
397329
69515
146378
318402
69515
328599
299258
472922
370553
110718
205556
303506
35153
473038
352191
175373
13973
247751
112384
491466
479352
343584
221953
194654
393679
334825
3721
95227
160101
275573
211497
306892
228811
209075
456840
17051
228543
330325
356036
112154
342139
318572
403554
385379
228956
159100
191194
310690
51571
174595
350463
244495
274345
219034
363449
326189
276999
350170
179304
352191
257711
111314
192001
104450
158049
248715
230481
179461
317374
150747
172964
71188
69515
437819
260211
437832
261551
363208
269913
90861
69515
2486
2493
287348
423178
235000
286845
485471
339939
352191
73063
154069
153743
229774
225344
93434
399499
493520
370347
244770
171993
69515
465137
90487
61924
237566
474416
51698
253722
41599
264462
290261
6806
204217
211144
69515
186894
416980
25983
295944
460715
16803
45083
426202
420676
400214
155749
25244
448428
353282
144388
82434
293251
29704
423921
254068
493434
301014
409633
427238
266457
288750
172427
193099
432128
374401
164144
397406
283006
194272
293287
69515
66776
452955
154045
84341
66004
464976
22609
111329
491305
165736
352191
394611
394611
215492
176807
377570
333733
324795
76615
195295
344403
400478
403277
393945
411556
154069
146891
438562
394611
455349
283992
225565
36740
118716
233175
262149
382092
121909
467047
244809
154069
88135
312815
148331
374771
67864
156246
451738
106636
77739
394611
118539
75411
219943
282457
420918
266583
51710
435696
394611
17210
125534
70891
50845
206153
316487
3153
15790
171196
498482
288500
398236
20829
295271
103352
319850
394611
196471
26620
162695
154069
475762
114469
454477
134510
405899
421187
374242
169934
252023
274619
152118
489380
395918
36324
394611
280301
439070
69515
138438
112426
271647
118932
222047
363039
245769
434258
124448
323327
417381
400893
348342
355368
204235
115091
154069
406448
208875
115378
310673
50859
485015
352191
119501
280122
23953
36963
389839
176418
119040
17553
405104
316026
83717
96164
136504
284426
330923
194381
154069
372474
424715
497157
61860
118206
400025
468146
305411
466225
204245
387047
155984
359039
350505
368799
10739
311811
487123
471789
348862
449813
456502
137731
108488
355802
133328
165119
394611
140851
399585
84671
86181
339862
394611
339234
37937
291099
15157
301755
6345
45458
290840
482759
399283
409639
258652
394611
299085
77213
9594
251279
197395
347924
237681
125317
270529
478714
403504
475715
213496
488153
17300
386881
394611
437887
402537
69515
290518
387948
254035
231777
42692
439518
285112
69515
124202
170758
70379
276531
27595
341774
352191
69515
115929
436319
280739
218530
352191
414285
100834
389774
316413
394611
190949
444114
237442
412765
145210
352191
237326
394611
337017
12688
88726
300875
402253
3573
326478
218096
18830
362456
38467
383587
41540
231589
486187
45021
352191
438176
56336
69138
368095
114281
155424
258388
491333
455658
427043
431304
461441
193828
394611
350914
426632
93920
39386
352191
315951
225370
197066
394611
293522
181181
251942
376370
398482
298694
316987
450649
412590
216384
142781
147753
130207
162973
73082
265444
195247
288222
101920
89949
430911
188969
31156
101088
66408
334186
412416
193123
197578
22543
447247
93621
477269
394093
69515
452242
154069
436597
145198
266463
499287
451030
112271
461481
66543
89061
352191
32801
83840
430170
371782
224468
352216
34790
135957
209041
197812
411629
190912
138463
287486
254999
240939
410023
69515
405979
352191
141694
433399
441113
352191
352191
486153
417678
252450
469733
321252
439458
362553
327560
65528
293989
265659
481801
448827
80270
220312
193185
69515
229941
323341
469129
322184
282245
190311
452726
485306
365875
344376
154069
296808
213201
77681
391177
262042
394611
444146
25595
450851
154069
165874
113520
361378
243070
488450
302829
202814
191064
440022
154069
491547
390514
299672
368125
309131
55185
43527
305069
171000
338647
380632
388048
69547
373714
473212
469032
269787
107850
81868
95033
471277
409504
315275
275298
469865
469928
40248
15410
79647
418463
46347
134843
335347
282114
46306
617
154069
350240
352191
495757
404003
113643
104677
69515
95028
248815
301725
69515
343920
320695
469026
426628
324765
310615
392982
424294
317633
21666
96747
194865
266028
296476
394611
117632
368565
424546
17328
350781
24112
155430
96407
12139
305018
361943
454589
223602
335735
276630
150422
162467
184995
69515
69515
264843
448078
104318
428005
335803
55429
335781
416963
154069
199834
27440
94016
437360
83201
346355
233297
196280
218692
413948
55441
459403
254142
311256
356028
266070
272498
406256
174768
389490
196213
450433
354632
140126
415759
212999
103180
154069
400889
244664
423803
263618
327475
156636
43088
204130
312977
163613
333714
375737
371302
176462
179146
307163
264838
497879
308247
471786
398939
48374
393941
307345
288864
371463
69515
39168
51093
469632
141927
420634
316408
81970
489484
337663
65625
347494
97717
105403
35594
69515
240466
390547
276542
221369
246866
297769
394611
351939
218134
154069
472833
69515
80147
95794
333755
352191
342489
437600
475425
21486
467597
290701
492131
264217
154069
167089
349625
144121
394611
359664
310554
72456
95630
183366
410579
185978
352191
496994
462874
345502
372022
474479
378279
49431
419414
450248
56966
165795
352191
237078
49774
116532
154069
256270
142858
484993
14781
137640
359857
345151
251610
90507
196515
428691
177275
23773
352191
164849
357080
449256
270740
219094
182709
42799
60771
111658
491279
263781
129086
263389
77709
385667
94844
19584
466208
332724
352191
492413
394611
211952
407093
125896
243076
440160
394611
232107
247869
450986
24243
342248
173982
243678
470831
380171
422460
288861
192239
417676
231790
81927
343875
77230
307235
311272
335803
337824
124618
50530
317612
90934
44497
347331
149708
284035
417684
391989
3895
159892
297694
496929
352191
276812
171160
385395
146178
70815
474084
280907
405816
52807
7364
50421
468442
92311
336444
261412
50778
467945
448812
137852
199849
168586
93997
163407
364596
189274
35950
467360
472859
154069
492668
54861
307703
186969
336338
423595
266271
437909
394611
166692
409835
367621
5555
144399
378838
117095
322127
451678
154069
490085
217737
304540
116532
154069
471075
278933
154069
492974
118907
126789
309883
445866
220112
218230
276833
263614
385785
403183
468095
139549
91863
394611
234673
154069
352191
289620
34717
69515
77488
389739
161646
352191
18360
376077
268524
293039
228094
383409
38263
268677
49158
249013
276094
335816
202810
83147
352191
410608
181117
73149
432568
494742
469019
434971
227411
155526
154069
351855
352191
188708
453600
73038
291581
90269
53742
201420
110134
270179
349105
45709
499696
352191
354387
439766
104272
216928
69515
95535
157443
244484
498090
194804
149484
387578
132665
213611
21632
303220
306734
282750
161206
215308
317138
286540
298025
443366
441509
394611
121717
352191
259439
370104
239215
26957
384142
264658
171451
12999
193181
2152
250243
334989
222409
418440
292512
126444
144045
2033
405785
33760
122732
39144
310871
266424
477895
402725
95780
417438
428856
69515
163688
69004
160308
459917
158794
154069
212539
306093
190010
334203
273677
193772
36717
210531
361881
124969
243870
154069
68558
94247
409137
10991
217391
354355
220084
243218
23096
352191
144610
495813
322345
254418
300765
352191
113610
109125
381731
46568
21288
35739
3084
69515
358973
56287
47106
154069
411290
352191
257044
225901
78813
331242
250287
475408
256653
154069
56787
227906
152195
295782
55381
271672
69515
19281
416752
458948
71254
216474
25265
130678
394611
21445
61992
101589
144054
43777
325814
499249
104163
384567
16228
159178
154069
313059
346836
67344
343917
229705
466339
151068
238808
180555
347932
477325
22516
311569
154069
38510
261504
409339
70665
105087
130592
331173
368236
163272
196757
352191
242106
352191
28139
394611
468943
362966
306419
19014
91944
282048
154793
429573
405252
295499
43267
235028
69996
304361
443755
470759
129973
253618
89935
424345
69515
318398
60597
206725
156639
255424
426050
147625
191266
452694
358733
386125
23669
437440
394611
356450
165615
324997
46988
362769
86904
492237
260052
222300
289506
330394
27507
164222
477419
143373
64676
328822
410102
113840
20457
284526
70087
352191
4382
93244
46392
12202
230073
423426
174519
443693
110282
207152
342222
189785
202604
394611
439520
215721
382131
142393
96261
411616
362496
182061
41136
255061
352191
74486
13073
189912
212789
430697
37996
134913
68768
16695
270136
154069
498417
297729
222391
195313
415912
249917
352581
394611
322441
126174
185748
10837
394611
250145
348111
196442
254568
270449
12870
221216
88677
154434
125046
157044
102646
330902
392105
61280
103080
362502
424550
70055
287381
306053
338175
420810
26107
7371
440164
223927
232202
382825
322598
242882
20572
53459
400788
154069
271111
402177
90957
425001
11371
233106
127965
243667
154069
330547
492566
213892
394611
394611
152947
123001
239329
240013
394611
61122
403080
292272
179351
380261
364699
69515
196621
187256
69515
69515
325092
311175
97902
495261
280655
482065
342007
69515
148198
404664
75870
313314
225571
301083
81948
315896
352191
390979
120051
328288
203000
84551
116512
295562
69411
271885
328205
14844
242550
469836
314249
485110
29726
451134
118485
440064
422182
4862
421826
101364
81821
319328
228750
262426
345832
396486
352191
428137
289086
199267
246355
481329
378992
411822
82820
416229
228666
200767
383894
464784
69515
347493
157777
248049
142561
169360
379752
434823
280540
358834
221868
42927
394611
290510
412987
121555
167536
407731
493134
393089
318139
456028
412069
402930
435777
79296
321220
394611
215186
82657
69515
382667
44386
488893
96222
54260
216980
296720
7095
72303
328920
467270
303076
481287
498379
341523
327828
69515
430197
465772
418222
102329
386774
364797
225309
249968
109960
341941
366881
64350
235671
206848
231049
45292
68927
216700
154069
393493
311538
445281
42662
482586
328834
428567
387227
291060
425367
227702
124499
90419
232542
62498
197647
289165
54974
337027
40509
81602
29805
325361
309617
434892
366703
258357
129319
394611
64271
56965
240200
400508
4377
133629
99692
48340
154069
300487
404822
372790
75403
13726
10887
30636
143702
26756
335322
328308
334087
352191
397905
352191
382055
154069
434589
34906
282252
133098
345740
23189
291092
159065
152943
288895
437336
132248
365427
485210
369642
470183
366322
70071
314672
58383
233295
299920
390253
394567
358078
486206
120100
460287
434202
206177
257846
206180
394611
69515
279198
352191
294028
485310
66339
352191
329309
93289
229909
155795
413874
185216
475106
457101
287438
154069
261436
30506
365524
473920
36786
352782
72682
390936
66929
306627
154069
499825
319981
298291
45838
354753
148721
384124
406
89748
360924
106966
62698
7121
319978
417441
287886
229392
349782
368618
481845
443532
103433
36415
396868
128024
266034
485316
150114
173982
334955
69392
322075
204478
58375
120341
185451
40897
490353
430207
440583
243993
379633
360170
313974
263062
298972
2052
178824
208836
35700
124710
255354
436870
352191
222930
197
435183
154069
186665
154069
154069
281448
461870
186442
60699
42665
249097
40404
78138
406085
130932
142965
272310
116230
315542
69515
11585
437573
459637
463938
457215
328244
497894
279429
7244
493127
29983
59386
490690
58159
330351
249161
209130
392078
352191
338609
497401
498987
50700
154069
192957
274627
308966
241969
284412
24183
70490
354230
98015
217121
483644
263860
438314
275428
348755
223768
69515
119098
434633
243099
60637
459665
105505
237838
434271
151024
8388
136577
244891
110382
136241
146945
352191
171483
446137
90254
351248
435260
358443
290864
45021
188811
275354
162586
179684
216388
326347
19770
238239
212834
148674
466354
244088
454749
288209
166542
69515
478451
348605
154069
72552
20365
441127
479416
69515
220277
272845
207141
417191
236921
411277
394611
320695
461394
434956
234004
423457
165408
142637
68292
415913
316247
9852
497191
149790
469329
100490
250044
154254
158656
428190
289584
424819
356689
448678
119293
84679
337880
200399
214500
112282
61221
131578
363062
247041
231463
211436
419113
338251
435575
476954
151392
416982
412710
25077
344996
485994
343995
330001
292445
81077
468950
127562
202248
492467
69178
352191
124421
468347
365484
253200
34856
33720
62960
409699
289250
491541
171392
18852
113170
219214
418036
13384
154069
126927
26560
315741
201349
245552
270074
497280
62841
375621
11455
194564
240813
27409
229873
98442
14210
69515
201323
290150
289495
352191
303472
269823
480210
369295
147187
274650
154069
420654
300119
167215
330472
325123
118810
104175
281632
249461
221912
154069
305702
352191
352191
219694
224105
215276
82703
85170
340088
50458
133375
436930
261606
436552
352191
205512
497724
253501
306999
25922
228594
321421
44858
149015
236375
446992
253478
175262
170476
475868
257174
65623
170205
471562
360456
16376
349374
352191
129091
105903
245187
350307
187757
273721
233152
203070
190773
166366
278065
296152
360021
56240
313441
160481
262023
94560
352191
69515
417901
270729
1696
289802
202195
143618
108088
313737
207054
81633
394611
349549
387625
475650
259623
285564
365969
233099
425980
229866
493691
243741
401992
464861
62586
300155
119376
123445
62239
98082
168072
342691
494842
179252
73183
313614
456257
360876
239307
265591
136174
3319
8223
39630
465203
89345
324228
291393
299767
269956
285486
440648
154069
321415
5049
225225
394611
346912
460113
314936
130120
115119
258112
294706
148481
385091
344275
54754
326536
178547
10947
340177
356133
313656
247449
354226
343435
250195
184046
128643
365621
131463
348885
495585
497878
111895
214278
394611
279500
192982
93155
71508
463483
36888
92288
31440
321198
171567
177210
191464
382721
352191
89364
362468
209872
251892
24219
373903
166981
308322
15861
426572
465154
352191
316753
352191
69515
322135
425347
220244
83003
280573
372733
471896
47778
180949
239358
347250
128529
127567
375843
10574
273406
69515
149071
85751
422431
100112
251089
295151
154069
282572
234649
446964
324163
190520
409512
31309
323958
341427
308241
464087
108546
322847
267718
130547
213777
189177
207561
313936
214282
315476
154069
353696
394611
149277
451912
335870
230911
163390
321874
154069
482813
385136
82061
291772
45438
150837
381095
349670
379524
69515
484027
325757
247857
165004
443240
110438
43415
122178
109718
130278
224044
31363
259420
491309
107026
394513
263891
215392
223175
190214
419667
268128
27062
285816
349650
498022
355088
56120
302594
95873
116070
5830
346475
49459
374713
34975
162429
9249
475636
380240
494193
213127
250136
206539
481000
146756
93743
246467
69515
244690
375306
143406
276145
165739
286011
199096
349269
73471
29994
309258
355127
80468
324834
240729
50170
123184
154069
352191
62531
321818
419238
379686
326477
194139
352191
42325
317926
227925
104288
346696
428270
164422
443037
352191
352191
394611
85896
98559
399501
338050
485653
58990
294124
63792
190667
350223
405137
483283
104596
314027
372591
325302
118872
343958
154069
123705
492536
331799
39169
449135
421986
439873
426124
240482
69515
484498
394611
69515
457234
337143
321870
335684
129635
394611
261244
347529
364550
281142
176098
443691
471017
69515
477327
400423
71788
282186
193774
420978
300374
477143
69515
364914
440596
254382
394611
322694
46598
491046
166153
102299
162204
186915
380037
410058
154069
23488
158478
415884
55403
66608
323344
66444
17647
352191
70261
84534
425717
102767
37168
188769
435010
68333
100564
390141
391749
326018
303590
451683
352191
23748
154069
366645
201016
15786
154069
459370
162815
284723
439672
438099
450168
171760
249046
51598
237074
75781
204112
235616
452358
311736
432285
129757
362720
289104
456725
270404
341722
162301
193976
154069
465514
51656
154069
226651
352191
466191
187381
23727
77727
352191
469681
433132
182095
291580
469939
204656
400831
222843
111875
240587
496417
314789
437571
154069
239760
149282
377910
472151
57888
202831
458917
179264
12304
154069
115590
143263
146628
69515
230888
394611
214210
7048
431281
365099
479752
173268
324034
59270
161150
35714
308976
463501
466013
366444
166452
154069
115571
15309
352191
471252
24904
251942
352191
45074
394611
300126
352191
217490
125756
352777
318159
437382
69515
495651
45959
271400
5172
74923
429691
23270
298883
77508
51539
422839
131278
25175
28891
198795
69515
146752
170678
357357
266816
365536
135267
352191
180668
376280
435504
235654
496883
204483
5116
472842
266327
394932
107309
276777
166520
257808
186001
170289
353441
391573
42587
345113
352191
453871
98645
154069
105055
161398
351600
209614
394611
93038
252999
261717
463092
288403
340824
371335
253961
364892
443319
126244
352191
312871
24769
441472
394611
451108
346303
88635
365569
32536
215524
101376
239054
62036
462712
364684
270870
152936
69515
141740
232895
69515
251102
367852
69515
355712
334105
324636
73659
5366
442142
495792
45453
473454
149780
394611
450740
262482
124233
487476
349830
268541
50595
154069
43971
467980
409212
107584
69515
212360
363144
27006
154069
244316
255740
40956
329643
215798
421227
109535
417785
65481
219368
117143
468265
265307
61359
429911
342466
45452
461557
372515
176602
231378
69515
18660
191023
197240
112936
224671
266015
212354
394611
57108
39651
154069
498704
285834
26116
440400
197199
69079
272044
455489
194772
396966
89115
269179
466799
466400
212351
154069
226885
162588
286658
113897
247911
202723
251987
373883
130639
389581
328478
297481
78531
204555
474314
313945
326749
69515
227957
344246
309743
379075
405612
273929
100967
344834
151648
198098
69515
5143
352191
104655
55353
102592
66848
154069
270890
384013
87544
114317
147518
113334
38965
198437
134749
96427
44976
106871
72267
286626
215904
114774
154069
473933
150326
401619
100556
219936
67460
204699
93253
333217
342048
74058
4655
406024
69515
389915
152090
307670
276533
465930
184018
496612
352207
395952
265951
137337
136044
110196
5806
338233
215657
465506
474978
394611
394611
87300
154069
217125
304542
253694
314058
104625
16756
196769
461876
111180
15301
400446
32288
445375
154004
197702
95130
123851
285198
15486
34358
128781
401239
98411
297600
370586
79441
221824
239922
42289
217687
472826
154069
428078
396916
19419
49644
456642
331344
273444
333404
220679
352191
207998
17801
429127
202247
141957
490372
352191
352191
391777
290715
273694
383110
481956
50555
395333
69515
204720
252292
1379
394611
154069
373529
203738
352191
154069
202648
337343
307867
284479
69515
373505
252633
80529
169940
154069
52809
477241
394611
74895
350004
461645
330611
449503
66729
394611
154069
36567
206915
118638
474999
15758
490478
390912
359700
69515
107724
290045
480530
63168
245184
12908
437105
178787
412509
221222
372399
254144
439359
229332
382177
136169
354405
321426
363017
440179
17644
194213
84580
443837
99197
280595
16320
412705
99055
378206
4191
22552
394611
308019
394611
361251
387852
65573
23446
448068
205746
69515
183276
442611
343714
95804
174626
332570
420968
323413
237354
105601
236498
242021
32324
148228
297038
403261
164363
140671
496642
47882
279034
28444
150563
177036
298780
154069
319410
309276
352191
69515
95125
162035
154572
336651
469464
455816
422408
436279
473741
459518
179066
145679
360862
349995
449493
324348
427982
149843
201727
264228
245667
115621
376330
394611
252802
122176
410866
465233
208006
428001
183443
43936
154069
445110
59177
39227
401020
213390
376777
165917
213559
344291
305370
453235
489463
440626
62567
175674
11187
154069
331204
98240
276201
150578
467044
260389
135359
394607
328169
385878
100110
356566
211848
61707
481635
260879
239037
365882
23533
261344
424205
25110
394611
394611
445850
375934
416232
473947
411461
380232
493270
187611
154069
176594
372085
154069
173627
333493
70146
346014
427094
391428
248626
339605
329812
260921
458105
372328
449986
402387
36008
279635
469170
146156
402774
457367
249134
28457
340817
178240
423094
335336
387064
315578
323382
454728
139378
154069
429724
420188
394611
204075
348589
372309
323046
262092
112528
429260
186347
304434
352191
98778
375956
364887
438050
342881
36617
213440
108824
245652
131748
268039
460959
436442
59146
12518
285503
394611
28803
443304
189178
349338
198074
402739
347260
482034
55821
69515
394611
338189
11988
51869
286912
183446
316084
166803
394611
474394
69515
490646
47553
309131
305734
263464
136520
483268
199394
353276
432494
351929
27401
490723
190305
82760
366430
31941
193489
418013
365256
350680
98878
475816
261157
73123
290924
27462
419728
450807
367543
212380
10803
149310
5799
142770
287207
457464
438615
477795
64004
491606
394611
368480
143330
394611
150556
250111
199692
352191
336026
129888
332824
426942
442292
183441
181244
401480
252481
252822
97154
78640
277910
475886
223973
100820
69515
371571
4588
326154
289639
296705
249802
7993
352191
481832
182497
205740
81438
307898
36720
18950
335092
159120
6217
53269
184915
74101
222123
133519
176509
187129
389942
352191
353598
69515
28571
220510
381139
212960
241283
349330
760
168342
203049
188377
308677
366209
484517
311388
79673
91865
228795
394611
104854
419431
392935
116038
332232
83370
54944
69515
179231
61147
18239
287383
338028
239937
394611
313579
214154
430179
241472
98545
226320
115859
352191
352191
334812
42499
352191
258859
321002
410287
304564
355898
154069
375128
144972
455194
5879
352191
168890
464939
461969
43053
154069
309141
417813
428598
493199
213891
251274
455707
367528
25287
49369
378019
401276
333864
14366
272476
333686
14816
400027
28130
290096
184575
358769
64839
57000
27247
161440
305127
55784
251518
249416
312908
69515
52649
51437
129940
159500
379088
394611
288773
484387
32498
436796
193992
276463
483546
470392
281489
12386
385146
349503
99821
237658
293029
469911
436689
288820
352191
314964
174508
335128
262678
109150
463310
241720
30740
37604
428167
196528
457481
187781
422898
394611
83950
422545
253373
207089
360117
364073
137252
419201
154069
432772
33134
297808
153176
384149
237839
136940
137018
69515
176330
426061
442567
9921
313120
425209
469821
352191
371325
257160
3412
36927
181193
364863
349662
337199
169786
498301
84993
196825
56248
471446
329929
20462
352191
368610
395613
462879
456509
182373
255511
304442
292272
471975
455593
34883
231350
180842
154069
458235
18515
304185
288136
403942
272135
197033
45908
311765
325712
295771
72783
107635
408849
380546
441309
446532
154069
99412
172119
69515
146620
482959
314747
180915
42922
317760
141560
352538
3671
348981
224032
418446
50924
209072
203323
436983
352191
184594
154069
497532
208487
394611
100286
439681
227100
94886
164934
49008
191430
369996
275101
109998
449429
230722
437472
493906
373860
85702
75778
7397
49911
419118
212795
359671
123605
182968
474381
20195
69515
171823
29974
444042
423102
154069
352191
89276
230252
479744
457060
84695
127389
284123
159179
154069
440966
456428
489890
362932
426802
250821
355779
312109
304344
42783
394611
250287
154069
245321
155249
357358
310725
122265
360289
196569
69515
154069
498502
139686
71699
42555
118133
62631
482559
51928
111091
120112
242494
394611
335273
205910
365031
102314
263421
352191
209667
26670
174454
496298
150236
148569
356605
459504
179524
69538
417059
407492
252788
86482
439044
309473
435076
215983
488896
193958
240965
433135
332140
425549
109896
442302
393522
154069
27476
90440
467606
465956
87565
413056
178249
394611
252931
32495
262173
373239
420160
394611
48942
69515
314797
208180
488025
267812
202016
398900
315664
209577
271684
124458
18170
328051
457221
366555
90143
380412
424340
266245
171521
154069
240691
396418
394611
116435
420190
156284
268738
118024
394611
311569
135784
314458
217079
166373
249689
69515
64
215722
399007
154069
77409
33452
221029
350524
62447
154069
242207
180847
53196
42082
460638
351658
476032
367830
253352
471087
492650
421138
144607
149256
464579
406762
267014
196589
473605
154069
227866
135483
414778
394611
99110
179678
34701
77415
420526
2052
29740
129533
428839
389892
66323
328255
273838
145182
197150
360200
394946
381268
138268
310945
269193
466688
232941
109992
465645
204562
352191
5717
374504
495933
260846
352191
387012
93128
49789
91947
469311
311738
160524
270111
191732
260841
56304
398097
196136
252982
154069
313121
76963
133700
434264
214533
309440
301950
107743
296305
372970
59948
378029
141190
461632
277476
154069
295233
340210
447952
244214
163539
74837
334105
380331
434922
55009
154069
470536
236313
483869
206705
294528
379995
173704
207953
93457
259695
176613
330286
21185
150161
332248
394611
382699
427467
204753
379859
202229
281472
157856
116252
12603
412534
221946
68221
180074
89739
369002
452039
319243
485733
136024
36807
284365
69515
152541
394611
407096
438205
232606
265950
270561
412559
406022
350600
46322
135378
92648
434211
91725
72336
439070
353991
297305
196884
394611
252388
177031
442117
274858
166806
140573
375847
23868
492856
447584
347792
203612
464875
245505
483612
205954
378913
256080
70890
21092
284392
12972
157968
69515
427983
227926
338917
491281
196792
69515
119952
354167
278889
167165
273140
373154
120666
92793
379602
284632
436784
19828
442751
42756
267129
456508
394611
88228
323459
206864
428089
260393
13701
171574
321184
253581
142714
237768
21680
135867
398158
220716
32468
402960
38637
425344
128447
152367
5472
405822
440383
394611
255666
366114
176375
450825
75436
268970
455927
242156
80173
456328
326329
90130
19349
394611
463274
127175
299914
83801
421594
5825
17490
337247
466526
305659
240284
25285
82962
103837
394611
396846
119471
450958
58339
356594
315674
421520
301383
371540
450717
72998
298678
361186
92623
440172
291981
352191
384627
31276
325212
169131
492699
241557
266650
264943
149819
345389
420583
435026
427820
30062
475886
421060
240754
472575
363154
184628
291773
394611
31289
193057
379577
201063
151482
349791
166125
89876
270697
61281
239760
356305
69515
208400
247778
195146
7130
449204
138800
228077
192462
293609
306396
457013
367716
243716
300390
85480
480777
151200
424999
291232
158997
384094
303366
146693
157552
204255
477572
70198
424025
83141
235791
35068
460331
154069
421863
90040
342622
449829
460024
155306
344670
359673
434055
102725
383184
450040
493334
478179
264739
301596
100659
365236
375239
473592
70408
394611
197956
334664
69515
428735
135030
394611
232447
118172
47745
397392
151084
213374
80851
85937
157216
329947
127530
120865
455601
243175
339829
135025
217104
67447
133391
350676
223397
182486
6101
352191
166359
154069
453512
277876
334836
69515
211862
352191
135241
180175
8003
199844
257282
463847
413868
79529
430752
414271
399959
260234
490215
209346
394611
173122
154069
104846
35683
154069
424459
292910
194641
407011
154069
16588
198973
243756
455267
196104
349002
2743
154069
56925
148919
359408
352191
456708
286550
68942
250572
181961
183428
104238
121893
246531
26427
21851
341055
471931
440307
348763
491608
430488
394611
71653
265072
406542
259116
155742
10876
185706
218244
336005
44508
69515
215940
413469
177039
458979
419004
422505
8016
231533
405894
313124
255069
74555
359652
471300
488
274033
114724
69515
4959
83420
271649
356911
352191
109674
280893
352191
415540
308098
606
99556
226976
156957
445137
289202
187970
195908
260948
198387
383537
183837
362207
355263
52053
340565
393973
353555
324570
74972
464379
294683
485259
230399
309384
255091
59547
477269
498934
177319
23945
443405
301129
338215
104377
245117
361385
394611
78198
349628
397559
69515
430579
180921
1664
376920
453895
78983
140583
66541
205477
98520
339097
70432
201546
23523
405463
166080
160970
26276
99133
208324
352191
70031
296919
375754
441443
408762
17770
134333
147864
69515
439166
327970
58246
352191
430516
179050
400911
312163
377367
352191
270405
469974
299723
142218
111084
171006
23592
390144
136803
164000
311913
142611
5544
109179
429914
102327
111826
302818
54942
320258
379938
35448
69515
263828
139387
42594
43932
454482
59853
318473
20471
377755
18962
325927
285785
155352
154069
260519
132026
67499
394611
210086
60773
174715
97128
41686
295492
470617
23225
312580
103387
69515
162173
484947
348057
228542
168194
34461
321582
131204
64383
157665
155403
394611
208567
227905
239043
403615
16087
154955
348471
37910
353776
394611
241051
22497
242737
242059
183284
288262
416824
145602
352191
447034
352191
466167
476040
69515
44541
491270
74859
63766
479590
476802
128612
29528
394611
404156
394611
326201
154069
478879
137872
159728
10620
352191
188667
377646
106131
108378
143783
178453
357992
296953
458990
352191
94574
20632
193322
493212
69515
347622
149495
470656
110711
131940
179169
452739
131660
294016
249264
234258
394611
348448
386665
383401
93170
259001
112062
117915
232233
434544
135943
190594
69515
394611
54787
259754
69515
235473
394611
481337
394611
68789
154069
295047
271199
102535
193435
143735
374137
294212
69515
418825
424960
74442
11606
105211
358934
13057
176768
139150
94377
205978
388237
195222
105688
346312
166920
59937
389926
192153
262407
409601
394611
210693
202247
306442
154069
148345
479833
268935
61269
194959
139834
259786
323321
161405
190912
69515
319410
494000
340883
428946
69515
332523
324175
222659
442213
236490
394611
352191
178722
381354
73309
483700
365669
415250
293877
80746
160393
106103
62678
52100
103045
394611
400390
351777
12687
114038
294856
461350
75543
476489
154069
107641
86583
450608
415589
29301
36606
258211
382980
13824
182458
140975
106069
459842
394611
154999
400383
309253
16492
144748
405530
440765
33974
267885
234844
194735
132273
237144
266032
155325
376061
244317
368213
450227
112531
172991
319417
323414
379011
84861
450830
364523
208973
69515
441407
69515
15967
451211
158937
275362
125849
93185
280095
135484
307457
169398
431240
219012
344831
178553
154069
263296
274685
364882
121011
412805
104436
83709
265804
397354
292898
382966
406825
124524
14812
387633
43100
437489
182843
352191
311078
454398
109209
197959
394531
473526
154069
69515
352030
154286
106544
81555
127899
239281
300204
48442
78868
57152
69515
467780
165342
210827
444725
491617
250796
210419
21133
331628
234041
484357
154069
154069
133225
154069
352191
346994
329082
230358
59660
280613
126065
432354
99939
158949
281870
355686
381809
458710
317506
202949
40165
198131
21277
172318
365842
206640
489294
158765
62543
197499
285734
344365
154069
122786
420154
394611
254749
224296
400180
154069
206357
435467
93367
128239
134884
46430
130985
254702
430816
443538
459187
432068
70058
68374
197640
352191
411343
39131
247667
412208
177612
72201
95456
428920
209871
15909
126483
362452
210610
268973
865
291211
377756
477752
117740
216329
334062
28598
144282
351958
474744
259652
168251
114765
69515
263686
53429
142437
112026
496519
248523
285414
116834
491192
97531
334923
446531
338299
340862
277012
34063
316303
189169
185532
468556
498235
378972
261833
255281
19487
492990
376825
358582
187881
392872
138404
221691
2711
35954
261310
9264
294502
328894
352191
382929
14636
440338
100752
357751
203680
39888
385734
394611
96971
394611
477069
449073
69515
214856
340046
183403
43482
30259
298927
30881
98683
327257
403754
35805
18135
284969
208463
457519
446694
285888
246323
272113
154069
235723
293173
182812
455863
403529
37326
200140
131417
352728
121687
55076
155272
69515
234965
421128
315407
326881
328669
63579
440411
113024
263087
464243
498291
6348
406205
212535
386330
351403
463502
74068
261068
94621
230602
154069
327160
352191
83566
188415
406835
411714
241324
237067
27335
451938
202326
376345
89832
457737
317241
322563
388444
54084
17669
201996
74176
24735
379487
164391
346257
4602
168138
292282
222630
21618
345569
299677
69515
69515
352191
255514
497578
335524
154069
165463
82244
285374
193786
335714
415448
48723
15355
77757
267470
92905
398016
180345
149842
394611
394611
88825
493370
236375
445006
408134
253535
150635
79796
396849
255263
212812
465829
360976
252001
401903
154069
50293
40184
296548
465869
184780
12052
395475
407567
20986
346411
312956
394611
273467
132054
377501
344970
465044
154069
95604
349871
452593
394611
366469
166261
384217
100286
154069
66923
150129
426526
200984
215246
358435
333776
314075
261079
36842
136966
324677
39934
488898
451020
51319
60981
261117
339806
3621
281541
37575
163487
305345
314983
281910
380334
3579
165537
234312
239301
72670
450228
353076
492545
296943
361647
154069
53340
69515
246261
268450
352191
78421
359435
317140
379914
82643
460693
435007
232044
207897
244183
118233
492787
44514
325233
154284
310153
202535
235917
389562
172811
15593
266547
325314
158879
138325
42017
158117
312715
422188
268390
381057
410850
228036
241756
256264
454917
74650
134757
115235
68638
299185
466757
155647
208104
475320
154069
232907
285162
188294
375915
268915
120076
142405
176426
224513
139462
482135
233103
135063
199448
174835
149385
145299
171405
381149
29253
472403
352191
69515
192504
432144
492025
133735
183540
260623
459115
475310
405405
417945
431805
233346
69515
281304
87653
120181
168031
330033
499698
95471
190222
226993
488137
141092
265563
309472
331956
57654
298511
352191
344377
151573
302888
149897
228787
204674
332890
121324
1232
234590
288851
148876
1661
11663
467920
471174
238345
324851
442595
134919
221281
249387
272436
297519
196668
394611
408497
215211
187345
27880
230497
480062
104733
228158
92557
433894
315939
277507
291316
86473
349926
477022
204321
385094
177228
366751
100648
224865
394611
411292
197173
238846
473664
375545
199494
42553
362751
36287
159001
382200
11822
34336
331970
69515
188044
185487
493205
448827
154069
75002
306904
153582
221028
44379
164707
472700
380679
461301
244492
75830
435846
40398
238501
158695
198117
464071
167465
374224
488620
330548
329678
22601
274463
315664
5896
468538
173382
394611
335414
165074
83187
368511
258536
251293
94978
391384
436094
342077
342912
353641
352191
394611
257574
394611
330167
128143
142877
84432
162367
452208
44458
421182
299738
294922
272937
48662
490084
78234
47027
90918
82369
48929
130951
190065
497697
289405
22910
123222
76242
179523
142039
144428
423820
156860
151380
51049
465833
396969
394611
357047
28791
96916
445421
230089
158469
490384
325346
451809
128591
182171
358395
127293
23287
250379
26567
352191
277919
355299
11963
134181
55129
195578
275796
182987
451660
171964
248284
157844
77787
394611
331621
52600
401846
352191
425194
82928
199875
196132
14297
404665
166056
154069
352191
351831
440224
110237
103380
437870
442304
228130
46216
135066
168342
356264
118546
394395
11046
395298
316394
157831
311001
247466
340172
111247
289174
37235
403333
69282
140658
370867
76435
159556
70953
309024
309763
322083
309083
296992
48278
65839
89344
311512
24360
106079
433819
469389
173640
84517
377777
184356
274364
171232
319897
360299
483886
289036
352191
483801
312906
183226
445753
488439
394611
395520
159155
242960
416232
32311
49335
323244
340936
394611
352191
483297
263544
292898
60281
88680
154069
199411
51564
393679
229446
89008
461698
288202
219552
408512
136894
482233
103005
301371
5693
92068
81914
352191
27448
227880
439652
324032
454535
149925
422265
248254
78027
57013
435601
418545
286575
89226
70939
455
344063
16776
56929
202975
20895
154069
309325
434688
102548
171198
460007
376340
92722
286263
457567
417573
58569
169114
101111
16649
130638
352191
30685
263808
12806
352191
418612
420895
212040
154069
112736
288207
123250
186208
287331
85657
259542
361411
69515
188430
384500
59788
42429
192040
177768
450828
98765
352191
247767
234654
165847
213504
463611
116416
231523
147658
352191
68484
373235
249665
31258
417535
352191
391044
421007
112347
464146
109370
151541
59148
323707
69515
301021
352191
394611
345571
353076
182058
134611
55706
391065
196008
30149
458686
141992
333857
450264
171970
404086
203151
365084
300480
21392
221180
10869
274562
378605
154069
311761
276999
68094
303693
156099
19944
350023
45543
69515
35498
394611
35090
419895
425564
328529
69515
56301
25984
82394
352191
53353
348640
11042
306399
154069
122074
321815
470898
154069
177708
438311
426613
352898
85183
394611
178306
44494
18550
9960
394611
128480
124157
478512
419068
97863
154069
84025
442471
69515
394611
185428
386478
467769
154069
280611
35555
40289
386245
175191
445834
435591
126058
349868
43846
170611
154069
158197
114775
312645
262721
381320
120541
69515
331046
457521
55833
154069
56057
478204
299034
415058
419773
88331
219233
322229
278915
59978
458419
394611
241588
437980
438018
98957
352191
133476
172458
248904
355469
69515
69515
189781
473251
394611
371615
471413
75258
68192
467516
185249
224380
371182
76009
231411
308850
405710
231954
69515
230934
10383
69515
380956
484677
352324
151837
369657
236753
85986
171579
196370
220491
166209
121252
257912
291879
61463
456270
318398
25551
213965
310680
266581
261607
468999
35793
147595
314572
85657
291320
270910
482405
46750
376673
173657
256420
63735
496946
2198
84919
180938
428483
260227
357649
192875
189228
244690
413228
86742
335337
475757
257515
264475
411522
154069
394611
364212
183456
260251
323195
443614
2728
472958
205951
135875
352191
69515
394611
56532
174605
170838
6124
383076
314755
344551
117094
257195
298705
414501
352191
485026
12386
68254
69515
406778
69515
179977
154069
383418
366069
18534
42312
328085
331905
134595
190681
78009
168698
484347
115231
154069
13175
447358
243783
154069
118026
210131
477227
440435
372972
450996
144808
69515
347785
248861
440409
103638
85019
297098
207196
233145
264970
409366
130356
239281
171146
274400
312512
142023
139585
319204
376317
335063
435757
394611
455541
355624
126533
337647
404199
352191
48500
428005
420582
394611
94158
63632
107935
357998
32199
195498
228810
166156
415167
450004
397904
69515
496323
453950
188582
357731
403646
394611
465714
82129
95403
48613
427773
339525
204195
91947
432677
1907
279243
367138
114988
414116
163742
205127
95057
185560
354689
286831
360105
467652
145803
224751
320790
35272
143311
175541
345574
155724
399797
135954
498219
129427
336181
201013
240964
366157
406990
215444
42845
272763
257915
64159
363943
233398
163860
63822
470267
148420
367065
226458
237454
155525
374886
111466
325516
262807
300754
155414
341757
446790
157378
416457
194125
473371
452465
68226
488311
483741
422957
272812
382315
352191
69515
233663
66102
390966
386061
463656
239662
473885
132213
31454
69515
485834
327942
401497
191498
388247
131332
394611
193171
409026
438351
171855
492587
295150
462239
250020
466909
487327
489388
423600
69515
307237
154069
306753
22966
240475
140836
96466
8775
290999
394611
44638
327188
154069
218272
172124
105099
451872
99175
23931
69356
250162
252642
89895
164799
154069
132036
253539
13999
159693
148530
142951
303689
410329
225410
146189
150592
282605
148395
333421
336061
28548
380273
63102
126044
119080
65211
492539
43169
370747
201711
20282
403548
451589
239301
65799
164941
452837
384444
133680
342569
12346
443685
69515
417210
131019
194209
489491
41477
133069
472435
394611
449835
493723
196337
128400
427001
460526
313155
357609
352191
387003
59870
463216
2744
37460
476799
92461
192148
480958
191149
426770
129627
439072
69515
154069
376247
361542
297749
144310
151010
331442
394611
122123
304074
74924
444620
311865
352191
453266
248124
130586
223845
271078
299506
337915
394611
73450
273656
348937
314773
86946
7985
306138
367244
444470
129983
373503
425270
61429
154069
168130
394611
462332
320652
127774
195768
292575
68563
394611
239072
196262
146064
17029
430252
419248
44700
142212
185380
27503
274696
154069
14474
323816
402858
63435
454744
128885
377570
407678
59715
248293
197175
352191
204344
382453
179638
273537
170990
49406
265893
64544
223009
374331
258318
149862
352191
433642
154069
210214
14218
281796
254173
246651
4108
400094
238341
221860
224629
352191
444663
255550
360084
168451
194926
35255
394611
174234
126571
89992
127073
367159
394611
37085
265376
154069
401465
154069
393577
140565
325972
91014
69515
21462
488238
185633
14929
221851
337804
249894
484953
406659
356199
238650
454994
282734
147857
167991
409905
289164
122625
223980
3111
420709
188220
393370
147034
147250
50765
477582
394611
277489
390021
65687
471576
418899
21600
248294
53447
410849
432032
19782
394611
2258
349325
292483
340141
90468
275590
251269
256167
272870
69515
264628
130392
193550
490161
252148
486507
494547
432846
62354
195954
219589
163639
127803
391352
418705
264867
69515
265832
358350
86129
387892
154069
145126
74393
46597
440381
365523
456274
260985
176044
164075
36433
487925
334451
294403
156921
431471
201367
326931
478364
272716
154069
2246
60078
301409
434602
188535
441682
100909
154069
327130
69515
210364
68299
86790
435090
394611
438811
394611
439591
398916
348604
280741
171144
52480
389304
369536
451353
33705
371060
455404
69515
3752
407998
173889
448631
38515
498772
83307
223885
125066
165047
120337
41446
287581
18408
482432
206427
462405
17492
400183
169
51131
465061
74961
453033
53859
102992
479917
183109
260190
297891
158552
266189
113181
72857
50961
180171
418264
475233
120928
472109
99975
392184
116808
336195
321282
146445
122027
129644
459707
386023
291365
393814
394611
342233
295571
78695
57213
352191
866
405419
324771
69515
397756
34836
174176
176724
9822
14663
207331
272181
402572
144858
405940
133416
394611
468746
182603
326570
352191
237956
34300
6213
58329
266323
425789
398320
382095
47111
161678
234847
194864
25744
125861
263966
171351
228515
480770
341547
56365
495771
394611
352191
56343
307585
112908
66177
113684
352191
306826
338055
86436
208104
252133
50000
455652
178683
202251
321834
346509
103627
473524
361152
109377
432787
221549
371702
480761
344974
191246
317059
134107
43809
352191
440319
60893
365471
305171
61899
362527
432718
76127
489324
44642
56970
62565
370609
351479
369579
301841
334932
493027
489127
485217
442191
443979
368543
180926
251086
295721
58456
94990
135235
57930
331914
184466
332070
59458
157774
196687
281756
453704
101393
356944
480206
114244
425996
243568
374938
148155
417754
319271
22632
49018
84009
409914
69515
287608
312482
310682
142894
230905
383805
23864
257713
21211
459094
121543
113403
300017
69515
359887
424501
400751
20107
426229
240685
154069
244764
394611
80003
147764
408478
121083
25324
11174
69515
3660
212984
200780
346990
27494
377081
369358
80751
28420
255020
466249
154069
155158
353643
468599
496068
163451
157364
292134
154069
108422
290503
154069
421787
122109
441613
157869
44044
441402
221596
289590
126032
332327
273787
30424
174353
2572
334243
7485
471711
417310
287776
427112
154069
170466
262160
265875
69515
34686
488046
352191
402929
394611
394611
181168
405919
73791
72876
81702
75571
53905
179027
378875
350323
350023
395300
394611
198060
67427
268361
69515
352191
357218
368413
394342
343461
187952
388292
267710
283383
48647
209994
479708
215895
176027
71230
461726
130004
478841
154069
282518
407714
125580
73509
419084
271798
125301
460642
345780
348962
120730
289990
107123
144709
283726
433667
271028
232962
209142
305797
225826
184420
352191
158159
366719
145390
124223
154069
490019
358837
319646
69515
83322
215425
488571
394611
452246
21506
433879
18606
497006
85017
95718
380024
42274
384482
286315
193284
90833
416172
154069
102298
132414
484533
310233
267189
293226
258357
69515
226803
450092
353655
411348
398053
413334
394611
379447
77440
375315
147493
131492
435922
276283
45456
394860
166022
338806
392885
226402
78109
94347
34612
352386
263381
44671
120714
78170
458828
371787
40066
467437
344253
22791
258140
372629
316876
189178
310604
427234
62789
29139
32080
320511
351881
394611
464007
421946
45454
450715
57135
370866
157418
499342
66633
175160
69039
199537
117949
69515
394611
352191
465151
442431
209112
271575
27948
111944
154069
481545
283050
348113
394611
35784
116065
419899
314202
253792
396055
158041
445267
260434
441307
438397
456677
476634
394611
255575
333155
283608
272504
130822
394611
69515
76748
44472
194107
452400
352163
99433
55981
215431
467598
291400
403914
474784
175894
143124
459424
53730
205111
136804
401817
32090
394611
61074
366727
472045
270009
300016
43390
209323
90756
343292
441735
420014
475977
404823
375039
121135
161851
394554
83322
63769
318566
206998
167427
26102
278598
297092
383497
280945
154069
89704
408159
372015
12213
288333
36521
308444
306953
415963
4249
222274
390773
499355
486769
457397
107544
352191
263377
175413
300359
479982
72775
493754
94790
22884
60828
362266
339173
417404
285647
394611
297708
141659
139815
349560
156156
13545
440960
130413
14108
317684
458790
183554
58389
69144
256888
422894
297232
202949
115504
452218
486998
488302
244132
169003
469050
63138
195776
263389
465362
261711
145994
120517
239627
376317
69515
173521
30972
223268
352191
212401
397238
207707
34795
474627
54696
207419
200045
227263
473472
99603
110895
352191
477954
261193
46915
446554
404357
